22
NULL 0 NULL 0
Joined 0 0,255,0,255,0,0,0,0,0,0 NULL 0 0 0 	# Joined [4a 6f 69 6e 65 64 ]
|Broken|0|1 0 0,255,0,255,0,0,0,0,0,0 NULL 0 0 0 	# Broken
8 8 0,255,0,255,0,0,0,0,0,0 NULL 3 0 0 	# 8 [38 ]0
1 8 0,255,0,255,0,0,0,0,0,0 NULL 4 0 0 	# 1 [31 ]0
0 8 0,255,0,255,0,0,0,0,0,0 NULL 5 0 0 	# 0 [30 ]0
. 10 0,255,0,255,0,0,0,0,0,0 NULL 6 0 0 	# . [2e ]p
3 8 0,255,0,255,0,0,0,0,0,0 NULL 7 0 0 	# 3 [33 ]0
9 8 0,255,0,255,0,0,0,0,0,0 NULL 8 0 0 	# 9 [39 ]0
5 8 0,255,0,255,0,0,0,0,0,0 NULL 9 0 0 	# 5 [35 ]0
6 8 0,255,0,255,0,0,0,0,0,0 NULL 10 0 0 	# 6 [36 ]0
7 8 0,255,0,255,0,0,0,0,0,0 NULL 11 0 0 	# 7 [37 ]0
2 8 0,255,0,255,0,0,0,0,0,0 NULL 12 0 0 	# 2 [32 ]0
- 10 0,255,0,255,0,0,0,0,0,0 NULL 13 0 0 	# - [2d ]p
4 8 0,255,0,255,0,0,0,0,0,0 NULL 14 0 0 	# 4 [34 ]0
63 8 0,255,0,255,0,0,0,0,0,0 NULL 15 0 0 	# 63 [36 33 ]0
84 8 0,255,0,255,0,0,0,0,0,0 NULL 16 0 0 	# 84 [38 34 ]0
17 8 0,255,0,255,0,0,0,0,0,0 NULL 17 0 0 	# 17 [31 37 ]0
° 10 0,255,0,255,0,0,0,0,0,0 NULL 18 0 0 	# ° [b0 ]p
# 10 0,255,0,255,0,0,0,0,0,0 NULL 19 0 0 	# # [23 ]p
% 10 0,255,0,255,0,0,0,0,0,0 NULL 20 0 0 	# % [25 ]p
$ 10 0,255,0,255,0,0,0,0,0,0 NULL 21 0 0 	# $ [24 ]p
